#PRODUCT: GPS driven Total Electron Content (TEC) map for the Australian Region
#AGENCY: Australian Bureau of Meteorology / Space Weather Branch (IPS)
#CONTACT: gps@ips.gov.au
#DAY:05
#MONTH:01
#YEAR:2019
#HOUR:00
#MINUTE:45
#LONGS:110
#LONGE:180
#LATS:-50
#LATE:-10
#NLON:40
#NLAT:20
      8.11      8.31      8.73      9.22      9.74     10.29     10.64     10.82     10.88     10.81     10.67     10.53     10.45     10.44     10.54     10.75     11.00     11.33     11.71     12.02     12.34     12.58     12.81     12.97     13.08     13.17     13.24     13.30     13.35     13.41     13.46     13.50     13.52     13.51     13.48     13.41     13.33     13.26     13.20     13.18
      8.06      8.42      8.96      9.51     10.09     10.51     10.78     10.87     10.81     10.64     10.44     10.30     10.23     10.30     10.48     10.75     11.11     11.50     11.86     12.23     12.52     12.76     12.95     13.06     13.15     13.19     13.21     13.22     13.25     13.28     13.32     13.38     13.42     13.45     13.45     13.42     13.36     13.30     13.23     13.19
      8.10      8.55      9.13      9.76     10.28     10.64     10.81     10.80     10.65     10.41     10.21     10.09     10.09     10.24     10.52     10.86     11.29     11.69     12.08     12.43     12.70     12.92     13.07     13.15     13.21     13.22     13.20     13.18     13.16     13.17     13.20     13.25     13.31     13.36     13.40     13.40     13.38     13.32     13.27     13.22
      8.12      8.67      9.30      9.91     10.41     10.66     10.75     10.64     10.44     10.19     10.01      9.95     10.04     10.29     10.63     11.03     11.48     11.90     12.25     12.56     12.79     12.98     13.11     13.19     13.23     13.23     13.21     13.16     13.12     13.10     13.11     13.15     13.21     13.28     13.34     13.38     13.38     13.35     13.30     13.25
      8.15      8.75      9.44      9.99     10.39     10.62     10.62     10.45     10.21     10.00      9.87      9.88     10.05     10.38     10.76     11.23     11.64     12.00     12.32     12.58     12.77     12.93     13.06     13.14     13.20     13.22     13.21     13.17     13.12     13.09     13.07     13.09     13.14     13.22     13.30     13.35     13.38     13.37     13.34     13.29
      8.21      8.82      9.43      9.96     10.33     10.48     10.44     10.26     10.02      9.84      9.78      9.86     10.12     10.46     10.91     11.35     11.74     12.04     12.31     12.50     12.67     12.79     12.93     13.04     13.13     13.19     13.22     13.20     13.16     13.12     13.09     13.10     13.13     13.20     13.28     13.35     13.39     13.40     13.38     13.34
      8.15      8.82      9.43      9.93     10.24     10.34     10.26     10.08      9.88      9.74      9.73      9.88     10.18     10.58     11.01     11.41     11.78     12.05     12.26     12.41     12.54     12.67     12.81     12.95     13.10     13.20     13.26     13.27     13.25     13.20     13.17     13.16     13.18     13.23     13.30     13.37     13.42     13.44     13.42     13.39
      8.10      8.77      9.34      9.82     10.08     10.17     10.09      9.92      9.75      9.67      9.71      9.91     10.25     10.65     11.10     11.49     11.82     12.06     12.24     12.38     12.50     12.64     12.80     12.96     13.13     13.27     13.37     13.41     13.39     13.36     13.30     13.27     13.27     13.31     13.37     13.43     13.47     13.50     13.48     13.46
      8.04      8.66      9.20      9.64      9.90      9.99      9.92      9.78      9.67      9.62      9.70      9.94     10.29     10.68     11.13     11.54     11.86     12.11     12.30     12.45     12.59     12.75     12.93     13.11     13.28     13.45     13.54     13.58     13.58     13.53     13.47     13.43     13.42     13.43     13.47     13.52     13.55     13.57     13.55     13.52
      7.88      8.51      9.08      9.48      9.75      9.82      9.79      9.70      9.60      9.59      9.71      9.94     10.31     10.72     11.15     11.57     11.94     12.23     12.45     12.63     12.80     12.99     13.17     13.36     13.55     13.68     13.77     13.80     13.79     13.74     13.67     13.61     13.57     13.57     13.60     13.61     13.64     13.64     13.63     13.59
      7.75      8.37      8.88      9.30      9.56      9.67      9.68      9.62      9.57      9.58      9.70      9.94     10.29     10.71     11.17     11.61     12.01     12.35     12.62     12.86     13.07     13.29     13.48     13.66     13.82     13.94     14.01     14.03     13.99     13.93     13.84     13.78     13.74     13.71     13.73     13.73     13.75     13.73     13.70     13.66
      7.65      8.20      8.68      9.10      9.39      9.55      9.59      9.58      9.56      9.59      9.72      9.94     10.28     10.69     11.14     11.59     12.01     12.39     12.74     13.03     13.30     13.53     13.75     13.92     14.06     14.15     14.19     14.18     14.14     14.07     14.00     13.93     13.88     13.85     13.84     13.85     13.84     13.82     13.78     13.73
      7.49      8.00      8.49      8.92      9.23      9.43      9.52      9.55      9.57      9.62      9.74      9.95     10.26     10.64     11.07     11.51     11.95     12.38     12.75     13.10     13.39     13.65     13.87     14.04     14.17     14.25     14.28     14.26     14.22     14.16     14.09     14.04     14.00     13.97     13.95     13.93     13.92     13.89     13.83     13.78
      7.39      7.86      8.31      8.75      9.09      9.31      9.46      9.54      9.60      9.67      9.79      9.98     10.25     10.59     10.96     11.39     11.83     12.25     12.65     12.98     13.33     13.59     13.82     14.00     14.13     14.21     14.24     14.24     14.22     14.17     14.13     14.10     14.07     14.04     14.03     14.00     13.97     13.93     13.87     13.81
      7.33      7.73      8.15      8.60      8.94      9.21      9.40      9.54      9.64      9.74      9.87     10.04     10.25     10.55     10.86     11.26     11.66     12.03     12.43     12.78     13.11     13.40     13.65     13.82     13.95     14.06     14.11     14.14     14.14     14.13     14.12     14.10     14.09     14.07     14.06     14.03     13.99     13.94     13.89     13.83
      7.26      7.63      8.04      8.44      8.79      9.09      9.35      9.54      9.68      9.81      9.96     10.12     10.30     10.57     10.86     11.16     11.49     11.83     12.19     12.52     12.86     13.14     13.37     13.56     13.71     13.82     13.91     13.98     14.01     14.04     14.06     14.07     14.07     14.06     14.04     14.01     13.98     13.93     13.87     13.82
      7.27      7.59      7.96      8.31      8.67      9.00      9.27      9.52      9.71      9.88     10.02     10.19     10.39     10.61     10.86     11.14     11.43     11.72     12.00     12.33     12.58     12.88     13.09     13.28     13.45     13.60     13.71     13.80     13.88     13.93     13.97     13.99     14.00     14.00     13.99     13.96     13.92     13.87     13.83     13.79
      7.34      7.60      7.89      8.21      8.57      8.90      9.20      9.47      9.70      9.91     10.11     10.29     10.47     10.68     10.91     11.15     11.39     11.62     11.90     12.16     12.42     12.67     12.89     13.07     13.24     13.40     13.53     13.65     13.73     13.80     13.85     13.89     13.91     13.90     13.89     13.87     13.84     13.80     13.77     13.74
      7.49      7.67      7.90      8.19      8.50      8.82      9.13      9.41      9.66      9.92     10.13     10.36     10.57     10.75     10.97     11.19     11.41     11.61     11.88     12.07     12.33     12.51     12.75     12.91     13.08     13.23     13.38     13.47     13.57     13.66     13.71     13.74     13.77     13.77     13.76     13.75     13.73     13.71     13.69     13.68
      7.71      7.83      8.00      8.21      8.48      8.79      9.06      9.35      9.61      9.85     10.15     10.33     10.58     10.78     10.98     11.19     11.40     11.61     11.81     12.01     12.27     12.45     12.63     12.80     12.95     13.10     13.22     13.30     13.41     13.46     13.54     13.57     13.60     13.60     13.61     13.61     13.61     13.60     13.61     13.62
